1.312194 1.907712 2.748729 1.457858 1.510812
2.402541 2.828907 4.918048 3.574801 2.824957
0.9692181 2.596036 2.341342 2.913437 0.7470666
3.567382 5.391912 0.8307432 2.741044 1.925758
2.473974 2.605308 2.59785 2.930967 1.630116
3.792937 2.866386 2.190328 2.51197 2.000417
3.398009 2.445382 3.329775 3.157889 2.169018
2.043698 2.801928 1.720618 1.159442 2.327194
2.149841 2.85114 2.635766 4.779591 3.160818
2.550726 2.538381 2.052926 2.339615 2.967552
1.49917 2.854274 3.019646 2.89282 3.408262
3.577036 2.13738 2.567106 3.353939 2.256396
3.800813 2.502258 1.913053 2.950523 1.88341
2.367832 2.650977 1.352407 1.729247 3.033539
2.335012 1.735111 4.386514 1.603863 4.362401
3.815933 4.057638 3.431001 2.108902 2.031991
2.104234 1.955021 3.314366 2.349351 1.917868
1.87949 0.9477315 2.556746 2.447818 3.97614
1.637214 3.348245 2.599368 3.847374 2.823767
2.741525 3.472775 2.569183 1.980279 1.919866
2.319533 0.9759423 3.152695 1.941514
