160.0877 232.7408 335.3449 177.8586 184.3191
293.11 345.1266 600.0018 436.1257 344.6447
118.2446 316.7164 285.6437 355.4394 91.14212
435.2206 657.8133 101.3507 334.4073 234.9425
301.8248 317.8476 316.9377 357.578 198.8742
462.7383 349.699 267.22 306.4603 244.0509
414.5571 298.3366 406.2325 385.2624 264.6201
249.3312 341.8353 209.9154 141.452 283.9177
262.2806 347.8391 321.5634 583.1101 385.6198
311.1886 309.6825 250.4569 285.4331 362.0413
182.8987 348.2214 368.3968 352.924 415.8079
436.3983 260.7604 313.1869 409.1805 275.2803
463.6992 305.2755 233.3925 359.9638 229.7761
288.8755 323.4192 164.9937 210.9682 370.0918
284.8714 211.6835 535.1547 195.6713 532.2129
465.5439 495.0319 418.5821 257.286 247.9029
256.7165 238.5125 404.3526 286.6208 233.98
229.2978 115.6232 311.923 298.6338 485.0891
199.7401 408.4859 317.1228 469.3796 344.4996
334.4661 423.6786 313.4404 241.594 234.2237
282.9831 119.065 384.6288 236.8647
