/* DATA DESCRIPTION:
Citation:	Kudrass, H-R et al. (2001): Sea surface salinity reconstructed from sediment core SO93-126KL. doi:10.1594/PANGAEA.57608, 
	In Supplement to: Kudrass, Hermann-Rudolph; Hofmann, Annette; Doose, Heidi; Emeis, Kay-Christian; Erlenkeuser, Helmut (2001): Modulation and amplification of climatic changes in the Northern Hemisphere by the Indian summer monsoon during the past 80 k.y. Geology, 29(1), 63-66, doi:10.1130/0091-7613(2001)029<0063:MAAOCC>2.0.CO;2
Coverage:	LATITUDE: 19.973333 * LONGITUDE: 90.033333
	MINIMUM AGE: 0.000 ka BP * MAXIMUM AGE: 100.000 ka BP
Event(s):	SO93-126KL * LATITUDE: 19.973333 * LONGITUDE: 90.033333 * DATE/TIME: 1994-01-15T00:00:00 * ELEVATION: -1250.0 m * LOCATION: Bengal Fan * CAMPAIGN: SO93 (BENGAL FÄCHER) * BASIS: Sonne (URI: http://www.bgr.de/fs_sonne/) * DEVICE: Piston corer (BGR type) (KL) * COMMENT: continental slope, upslope thickening
Parameter(s):	AGE [ka BP] (Age) * Geocode
	Sea surface salinity (SSS) * PI: Kudrass, Hermann-Rudolph (eMail: kudrass@bgr.de)
License:	Creative Commons Attribution 3.0 Unported (CC-BY)
Size:	1001 data points
*/
Age [ka BP]	SSS
0.0	33.36
0.1	33.48
0.2	33.56
0.3	33.20
0.4	32.84
0.5	32.56
0.6	32.29
0.7	32.20
0.8	32.25
0.9	32.30
1.0	32.34
1.1	32.40
1.2	32.58
1.3	32.76
1.4	32.83
1.5	32.87
1.6	32.86
1.7	32.82
1.8	32.78
1.9	32.73
2.0	32.68
2.1	32.56
2.2	32.44
2.3	32.22
2.4	31.99
2.5	31.85
2.6	31.80
2.7	31.72
2.8	31.64
2.9	31.60
3.0	31.67
3.1	31.90
3.2	32.10
3.3	32.10
3.4	31.95
3.5	31.83
3.6	31.85
3.7	31.88
3.8	31.75
3.9	31.46
4.0	31.19
4.1	31.08
4.2	31.08
4.3	31.07
4.4	31.07
4.5	31.30
4.6	31.49
4.7	31.56
4.8	31.59
4.9	31.57
5.0	31.48
5.1	31.40
5.2	31.34
5.3	31.28
5.4	31.25
5.5	31.22
5.6	31.26
5.7	31.33
5.8	31.25
5.9	30.88
6.0	30.86
6.1	30.97
6.2	31.08
6.3	31.19
6.4	31.32
6.5	31.51
6.6	31.64
6.7	31.67
6.8	31.64
6.9	31.66
7.0	31.68
7.1	31.54
7.2	31.30
7.3	31.06
7.4	31.32
7.5	31.67
7.6	31.99
7.7	32.18
7.8	32.25
7.9	31.92
8.0	31.46
8.1	31.12
8.2	31.40
8.3	32.18
8.4	31.68
8.5	31.61
8.6	31.77
8.7	31.96
8.8	31.70
8.9	31.39
9.0	31.42
9.1	31.49
9.2	31.59
9.3	31.81
9.4	31.68
9.5	31.49
9.6	32.10
9.7	32.04
9.8	31.73
9.9	31.20
10.0	31.62
10.1	32.04
10.2	32.43
10.3	32.74
10.4	32.59
10.5	32.44
10.6	32.30
10.7	32.19
10.8	32.16
10.9	32.13
11.0	32.06
11.1	32.14
11.2	32.38
11.3	32.62
11.4	32.89
11.5	33.09
11.6	33.23
11.7	33.17
11.8	33.01
11.9	33.04
12.0	33.11
12.1	33.21
12.2	33.28
12.3	33.35
12.4	33.42
12.5	33.50
12.6	33.57
12.7	33.25
12.8	32.93
12.9	32.60
13.0	32.60
13.1	32.76
13.2	32.89
13.3	32.98
13.4	32.98
13.5	32.78
13.6	32.58
13.7	32.38
13.8	32.18
13.9	32.58
14.0	32.98
14.1	31.92
14.2	32.57
14.3	32.93
14.4	33.50
14.5	33.77
14.6	34.04
14.7	33.86
14.8	33.65
14.9	34.19
15.0	34.27
15.1	33.94
15.2	33.58
15.3	33.23
15.4	32.88
15.5	32.50
15.6	32.73
15.7	32.74
15.8	33.67
15.9	35.04
16.0	34.99
16.1	34.85
16.2	34.78
16.3	34.67
16.4	34.54
16.5	34.40
16.6	34.27
16.7	34.20
16.8	34.20
16.9	34.24
17.0	34.53
17.1	34.85
17.2	35.17
17.3	35.18
17.4	34.95
17.5	34.72
17.6	34.59
17.7	34.80
17.8	35.00
17.9	35.21
18.0	35.14
18.1	35.02
18.2	34.86
18.3	34.74
18.4	34.66
18.5	34.57
18.6	34.56
18.7	34.83
18.8	35.11
18.9	35.38
19.0	35.11
19.1	34.75
19.2	34.42
19.3	34.37
19.4	34.59
19.5	34.80
19.6	34.99
19.7	35.04
19.8	35.10
19.9	35.15
20.0	35.06
20.1	34.92
20.2	34.71
20.3	34.48
20.4	34.25
20.5	34.01
20.6	33.84
20.7	33.98
20.8	34.14
20.9	34.38
21.0	34.68
21.1	34.96
21.2	35.13
21.3	35.24
21.4	35.19
21.5	35.13
21.6	35.08
21.7	35.02
21.8	34.96
21.9	34.87
22.0	34.78
22.1	34.72
22.2	34.67
22.3	34.62
22.4	34.67
22.5	34.72
22.6	34.70
22.7	34.58
22.8	34.46
22.9	34.40
23.0	34.33
23.1	34.29
23.2	34.26
23.3	34.24
23.4	34.35
23.5	34.42
23.6	34.21
23.7	34.14
23.8	34.49
23.9	34.35
24.0	35.34
24.1	35.22
24.2	35.04
24.3	34.47
24.4	33.89
24.5	34.25
24.6	34.62
24.7	34.47
24.8	34.26
24.9	34.16
25.0	34.07
25.1	34.44
25.2	34.81
25.3	34.90
25.4	34.96
25.5	35.04
25.6	34.86
25.7	34.71
25.8	34.83
25.9	34.95
26.0	34.92
26.1	34.73
26.2	34.41
26.3	34.25
26.4	34.33
26.5	34.17
26.6	33.98
26.7	34.20
26.8	34.52
26.9	34.60
27.0	34.67
27.1	34.43
27.2	34.38
27.3	34.47
27.4	34.50
27.5	34.40
27.6	34.29
27.7	34.18
27.8	34.57
27.9	34.48
28.0	34.61
28.1	34.08
28.2	34.36
28.3	34.66
28.4	34.54
28.5	34.43
28.6	34.37
28.7	34.34
28.8	34.20
28.9	34.03
29.0	34.11
29.1	34.69
29.2	34.92
29.3	34.72
29.4	34.52
29.5	34.33
29.6	34.24
29.7	34.22
29.8	34.21
29.9	34.20
30.0	34.18
30.1	34.17
30.2	34.19
30.3	34.23
30.4	34.27
30.5	34.31
30.6	34.33
30.7	34.35
30.8	34.37
30.9	34.38
31.0	34.38
31.1	34.39
31.2	34.41
31.3	34.43
31.4	34.46
31.5	34.48
31.6	34.31
31.7	34.08
31.8	33.88
31.9	33.68
32.0	33.49
32.1	33.29
32.2	33.42
32.3	33.64
32.4	33.86
32.5	33.90
32.6	33.95
32.7	34.00
32.8	34.03
32.9	34.01
33.0	33.98
33.1	33.96
33.2	33.95
33.3	33.94
33.4	33.94
33.5	34.01
33.6	34.19
33.7	34.38
33.8	34.56
33.9	34.56
34.0	34.56
34.1	34.56
34.2	34.54
34.3	34.50
34.4	34.42
34.5	34.35
34.6	34.33
34.7	34.23
34.8	34.08
34.9	33.96
35.0	33.83
35.1	33.69
35.2	33.68
35.3	33.82
35.4	33.96
35.5	34.11
35.6	34.25
35.7	34.39
35.8	34.36
35.9	34.32
36.0	34.27
36.1	34.23
36.2	34.19
36.3	34.14
36.4	34.15
36.5	34.30
36.6	34.46
36.7	34.63
36.8	34.72
36.9	34.66
37.0	34.59
37.1	34.52
37.2	34.44
37.3	34.36
37.4	34.32
37.5	34.34
37.6	34.36
37.7	34.37
37.8	34.36
37.9	34.34
38.0	34.32
38.1	34.25
38.2	34.16
38.3	34.07
38.4	34.56
38.5	34.98
38.6	35.21
38.7	35.19
38.8	35.17
38.9	35.14
39.0	35.12
39.1	35.10
39.2	35.08
39.3	35.06
39.4	35.04
39.5	35.02
39.6	35.00
39.7	34.99
39.8	34.98
39.9	34.81
40.0	34.07
40.1	33.85
40.2	33.94
40.3	34.27
40.4	34.34
40.5	34.65
40.6	34.73
40.7	34.43
40.8	34.24
40.9	34.11
41.0	33.98
41.1	34.02
41.2	34.07
41.3	34.40
41.4	34.74
41.5	35.06
41.6	35.06
41.7	35.06
41.8	34.97
41.9	34.75
42.0	34.52
42.1	34.28
42.2	34.12
42.3	34.03
42.4	33.95
42.5	34.08
42.6	34.19
42.7	34.30
42.8	34.26
42.9	34.20
43.0	34.15
43.1	34.11
43.2	34.07
43.3	34.03
43.4	34.23
43.5	34.46
43.6	34.51
43.7	34.44
43.8	34.38
43.9	34.34
44.0	34.44
44.1	34.53
44.2	34.45
44.3	34.30
44.4	34.15
44.5	33.96
44.6	33.71
44.7	33.46
44.8	33.51
44.9	33.57
45.0	33.63
45.1	33.61
45.2	33.49
45.3	33.42
45.4	34.01
45.5	34.55
45.6	34.40
45.7	34.45
45.8	34.37
45.9	34.31
46.0	34.32
46.1	34.32
46.2	34.23
46.3	33.98
46.4	33.70
46.5	33.71
46.6	33.73
46.7	33.67
46.8	33.58
46.9	33.46
47.0	33.55
47.1	33.58
47.2	33.74
47.3	33.80
47.4	33.74
47.5	33.68
47.6	33.62
47.7	33.56
47.8	33.50
47.9	33.44
48.0	33.39
48.1	33.38
48.2	33.36
48.3	33.35
48.4	33.34
48.5	33.32
48.6	33.31
48.7	33.31
48.8	33.31
48.9	33.30
49.0	33.30
49.1	33.32
49.2	33.37
49.3	33.42
49.4	33.47
49.5	33.53
49.6	33.58
49.7	33.63
49.8	33.68
49.9	33.68
50.0	33.68
50.1	33.68
50.2	33.67
50.3	33.67
50.4	33.67
50.5	33.67
50.6	33.66
50.7	33.66
50.8	33.66
50.9	33.64
51.0	33.54
51.1	33.44
51.2	33.34
51.3	33.24
51.4	33.15
51.5	33.05
51.6	32.95
51.7	33.08
51.8	33.24
51.9	33.39
52.0	33.54
52.1	33.68
52.2	33.82
52.3	33.97
52.4	34.11
52.5	34.25
52.6	34.09
52.7	33.75
52.8	33.63
52.9	33.64
53.0	33.66
53.1	33.68
53.2	33.69
53.3	33.55
53.4	33.40
53.5	33.20
53.6	33.17
53.7	33.14
53.8	33.54
53.9	33.87
54.0	34.18
54.1	34.14
54.2	34.13
54.3	34.12
54.4	34.02
54.5	33.93
54.6	33.83
54.7	33.73
54.8	33.64
54.9	33.54
55.0	33.45
55.1	33.38
55.2	33.31
55.3	33.24
55.4	33.16
55.5	33.09
55.6	33.11
55.7	33.14
55.8	33.17
55.9	33.21
56.0	33.24
56.1	33.28
56.2	33.32
56.3	33.47
56.4	33.71
56.5	33.94
56.6	34.06
56.7	34.18
56.8	34.29
56.9	34.40
57.0	34.43
57.1	34.48
57.2	34.48
57.3	34.44
57.4	34.40
57.5	34.35
57.6	34.71
57.7	35.00
57.8	35.10
57.9	35.13
58.0	35.24
58.1	35.04
58.2	34.94
58.3	35.16
58.4	34.96
58.5	34.86
58.6	34.40
58.7	34.81
58.8	35.11
58.9	35.07
59.0	35.35
59.1	35.32
59.2	35.55
59.3	35.38
59.4	35.15
59.5	35.13
59.6	35.11
59.7	35.04
59.8	34.92
59.9	34.90
60.0	34.90
60.1	34.91
60.2	35.06
60.3	35.16
60.4	35.18
60.5	35.20
60.6	35.06
60.7	34.88
60.8	34.66
60.9	34.43
61.0	34.20
61.1	34.18
61.2	34.20
61.3	34.07
61.4	33.94
61.5	33.83
61.6	33.90
61.7	33.94
61.8	33.93
61.9	33.92
62.0	34.43
62.1	34.51
62.2	34.24
62.3	34.02
62.4	34.16
62.5	34.46
62.6	33.89
62.7	34.62
62.8	34.74
62.9	34.82
63.0	34.93
63.1	34.89
63.2	34.54
63.3	34.41
63.4	34.47
63.5	34.52
63.6	34.52
63.7	34.38
63.8	35.08
63.9	34.55
64.0	34.72
64.1	34.87
64.2	34.78
64.3	34.86
64.4	35.10
64.5	35.02
64.6	34.90
64.7	34.77
64.8	34.65
64.9	34.60
65.0	34.63
65.1	34.66
65.2	34.69
65.3	34.72
65.4	34.64
65.5	34.56
65.6	34.48
65.7	34.40
65.8	34.44
65.9	34.56
66.0	34.75
66.1	34.75
66.2	34.69
66.3	34.63
66.4	34.55
66.5	34.15
66.6	33.89
66.7	34.16
66.8	34.28
66.9	34.14
67.0	33.99
67.1	33.85
67.2	33.84
67.3	33.88
67.4	33.93
67.5	33.98
67.6	33.94
67.7	33.89
67.8	33.83
67.9	33.78
68.0	33.72
68.1	33.66
68.2	33.60
68.3	33.58
68.4	33.59
68.5	33.59
68.6	33.65
68.7	33.77
68.8	33.95
68.9	34.19
69.0	34.34
69.1	34.39
69.2	34.53
69.3	34.82
69.4	34.88
69.5	34.40
69.6	34.30
69.7	34.22
69.8	34.14
69.9	34.06
70.0	34.16
70.1	34.28
70.2	34.41
70.3	34.58
70.4	34.74
70.5	34.76
70.6	34.61
70.7	34.47
70.8	34.32
70.9	34.17
71.0	34.06
71.1	34.51
71.2	34.32
71.3	34.04
71.4	34.01
71.5	33.98
71.6	33.96
71.7	33.96
71.8	33.95
71.9	33.88
72.0	33.82
72.1	33.76
72.2	33.69
72.3	33.88
72.4	33.83
72.5	33.56
72.6	33.29
72.7	33.27
72.8	33.32
72.9	33.62
73.0	34.11
73.1	34.16
73.2	33.92
73.3	33.99
73.4	34.25
73.5	34.42
73.6	34.56
73.7	34.50
73.8	34.38
73.9	34.26
74.0	34.14
74.1	34.04
74.2	33.96
74.3	33.89
74.4	33.81
74.5	33.73
74.6	33.68
74.7	33.62
74.8	33.57
74.9	33.52
75.0	33.47
75.1	33.42
75.2	33.39
75.3	33.37
75.4	33.36
75.5	33.35
75.6	33.34
75.7	33.32
75.8	33.30
75.9	33.28
76.0	33.26
76.1	33.24
76.2	33.26
76.3	33.28
76.4	33.30
76.5	33.31
76.6	33.33
76.7	33.34
76.8	33.35
76.9	33.36
77.0	33.38
77.1	33.39
77.2	33.40
77.3	33.42
77.4	33.43
77.5	33.44
77.6	33.43
77.7	33.42
77.8	33.42
77.9	33.41
78.0	33.40
78.1	33.41
78.2	33.42
78.3	33.42
78.4	33.41
78.5	33.41
78.6	33.41
78.7	33.40
78.8	33.40
78.9	33.39
79.0	33.39
79.1	33.38
79.2	33.38
79.3	33.37
79.4	33.36
79.5	33.36
79.6	33.34
79.7	33.32
79.8	33.30
79.9	33.29
80.0	33.27
80.1	33.25
80.2	33.23
80.3	33.20
80.4	33.17
80.5	33.13
80.6	33.09
80.7	33.06
80.8	33.02
80.9	32.97
81.0	32.92
81.1	32.87
81.2	32.82
81.3	32.76
81.4	32.71
81.5	32.66
81.6	32.61
81.7	32.58
81.8	32.55
81.9	32.52
82.0	32.49
82.1	32.46
82.2	32.43
82.3	32.43
82.4	32.43
82.5	32.43
82.6	32.43
82.7	32.43
82.8	32.42
82.9	32.42
83.0	32.42
83.1	32.42
83.2	32.42
83.3	32.42
83.4	32.42
83.5	32.42
83.6	32.48
83.7	32.62
83.8	32.76
83.9	32.88
84.0	33.00
84.1	33.11
84.2	33.23
84.3	33.33
84.4	33.40
84.5	33.47
84.6	33.55
84.7	33.66
84.8	33.77
84.9	33.87
85.0	33.98
85.1	34.05
85.2	34.11
85.3	34.17
85.4	34.22
85.5	34.28
85.6	34.34
85.7	34.40
85.8	34.46
85.9	34.53
86.0	34.59
86.1	34.66
86.2	34.71
86.3	34.77
86.4	34.82
86.5	34.88
86.6	34.83
86.7	34.77
86.8	34.71
86.9	34.64
87.0	34.56
87.1	34.47
87.2	34.40
87.3	34.42
87.4	34.44
87.5	34.48
87.6	34.52
87.7	34.58
87.8	34.67
87.9	34.72
88.0	34.61
88.1	34.50
88.2	34.40
88.3	34.29
88.4	34.17
88.5	34.06
88.6	33.94
88.7	33.83
88.8	33.71
88.9	33.59
89.0	33.48
89.1	33.36
89.2	33.24
89.3	33.21
89.4	33.25
89.5	33.29
89.6	33.32
89.7	33.35
89.8	33.39
89.9	33.42
90.0	33.46
90.1	33.49
90.2	33.52
90.3	33.56
90.4	33.59
90.5	33.63
90.6	33.66
90.7	33.70
90.8	33.73
90.9	33.76
91.0	33.80
91.1	33.83
91.2	33.86
91.3	33.90
91.4	33.93
91.5	33.97
91.6	34.00
91.7	34.04
91.8	34.07
91.9	34.10
92.0	34.12
92.1	34.15
92.2	34.17
92.3	34.20
92.4	34.22
92.5	34.25
92.6	34.28
92.7	34.30
92.8	34.33
92.9	34.35
93.0	34.38
93.1	34.40
93.2	34.42
93.3	34.42
93.4	34.43
93.5	34.44
93.6	34.44
93.7	34.45
93.8	34.46
93.9	34.46
94.0	34.47
94.1	34.47
94.2	34.48
94.3	34.48
94.4	34.49
94.5	34.49
94.6	34.49
94.7	34.50
94.8	34.50
94.9	34.50
95.0	34.50
95.1	34.51
95.2	34.51
95.3	34.52
95.4	34.53
95.5	34.54
95.6	34.55
95.7	34.56
95.8	34.57
95.9	34.58
96.0	34.58
96.1	34.59
96.2	34.60
96.3	34.61
96.4	34.62
96.5	34.63
96.6	34.64
96.7	34.65
96.8	34.66
96.9	34.68
97.0	34.69
97.1	34.65
97.2	34.62
97.3	34.58
97.4	34.58
97.5	34.58
97.6	34.58
97.7	34.58
97.8	34.58
97.9	34.57
98.0	34.55
98.1	34.53
98.2	34.51
98.3	34.49
98.4	34.47
98.5	34.42
98.6	34.37
98.7	34.33
98.8	34.28
98.9	34.23
99.0	34.19
99.1	34.15
99.2	33.82
99.3	34.06
99.4	34.03
99.5	33.98
99.6	33.79
99.7	33.98
99.8	33.96
99.9	33.88
100.0	33.46
