Core	Depth (cm)	Age(ka)	d18O	Uk'37	SST
LAPAZ21P	0.025	1.39583333	2.18	0.889	25
LAPAZ21P	0.065	2.02916667	2.14	0.9	25.3
LAPAZ21P	0.115	2.82083333	2.26	0.895	25.2
LAPAZ21P	0.165	3.6125	2.35	0.887	24.9
LAPAZ21P	0.215	4.40416667	2.23	0.895	25.2
LAPAZ21P	0.265	5.19583333	2.2	0.898	25.3
LAPAZ21P	0.315	5.9875	2.27	0.879	24.7
LAPAZ21P	0.365	6.77916667	3.03	0.885	24.9
LAPAZ21P	0.415	7.57083333	2.35	0.892	25.1
LAPAZ21P	0.465	8.3625	2.39	0.881	24.8
LAPAZ21P	0.515	9.15416667	-999	0.886	24.9
LAPAZ21P	0.565	9.94583333	2.52	0.886	24.9
LAPAZ21P	0.615	10.89375	2.44	0.88	24.7
LAPAZ21P	0.665	12.20625	3.15	0.824	23.1
LAPAZ21P	0.715	13.51875	3.22	0.798	22.3
LAPAZ21P	0.765	14.83125	3.54	0.774	21.6
LAPAZ21P	0.815	16.14375	3.72	0.788	22
LAPAZ21P	0.865	17.45625	3.65	0.79	22.1
LAPAZ21P	0.915	18.76875	3.69	0.775	21.6
LAPAZ21P	0.965	20.08125	3.59	0.785	21.9
LAPAZ21P	1.015	21.49180328	3.722	0.792	22.2
LAPAZ21P	1.065	23.13114754	3.51	0.783	21.9
LAPAZ21P	1.115	24.7704918	3.58	0.791	22.1
LAPAZ21P	1.165	26.40983607	3.55	0.782	21.9
LAPAZ21P	1.215	28.04918033	3.46	0.816	22.8
LAPAZ21P	1.265	29.68852459	3.36	0.825	23.1
LAPAZ21P	1.315	31.32786885	3.32	0.811	22.7
LAPAZ21P	1.365	32.96721311	3.25	0.82	23
LAPAZ21P	1.415	34.60655738	3.29	0.824	23.1
LAPAZ21P	1.465	36.24590164	3.2	0.806	22.5
LAPAZ21P	1.515	37.8852459	3.31	0.817	22.9
LAPAZ21P	1.565	39.52459016	3.32	0.807	22.6
LAPAZ21P	1.615	41.16393443	3.39	0.831	23.3
LAPAZ21P	1.665	42.80327869	3.39	0.86	24.1
LAPAZ21P	1.715	44.44262295	3.22	0.852	23.9
LAPAZ21P	1.765	46.08196721	3.28	0.843	23.7
LAPAZ21P	1.795	47.06557377	3.32	-999	-999
LAPAZ21P	1.815	47.72131148	3.1	0.826	23.1
LAPAZ21P	1.865	49.36065574	-999	0.824	23.1
LAPAZ21P	1.915	51	3.18	0.796	22.2
LAPAZ21P	1.965	52.63934426	-999	0.802	22.4
LAPAZ21P	2.015	54.27868852	3.32	0.831	23.3
LAPAZ21P	2.065	55.91803279	-999	0.807	22.6
LAPAZ21P	2.115	57.55737705	3.18	0.796	22.3
LAPAZ21P	2.165	59.19672131	-999	0.807	22.6
LAPAZ21P	2.215	60.83606557	3.43	0.817	22.9
LAPAZ21P	2.265	63.75	-999	0.841	23.6
LAPAZ21P	2.315	66.80555556	3.32	0.819	22.9
LAPAZ21P	2.365	69.86111111	-999	0.824	23.1
LAPAZ21P	2.415	72.91666667	3.16	0.816	22.9
LAPAZ21P	2.465	75.97222222	-999	0.853	23.9
LAPAZ21P	2.515	79.02777778	3.13	0.861	24.2
LAPAZ21P	2.565	82.08333333	-999	0.849	23.8
LAPAZ21P	2.615	84.18867925	2.62	0.85	23.9
LAPAZ21P	2.665	85.88679245	-999	0.856	24
LAPAZ21P	2.715	87.58490566	2.9	0.855	24
LAPAZ21P	2.765	89.28301887	-999	0.875	24.6
LAPAZ21P	2.815	90.98113208	2.78	0.871	24.5
LAPAZ21P	2.865	92.67924528	-999	0.879	24.7
LAPAZ21P	2.915	94.37735849	2.75	0.886	24.9
LAPAZ21P	2.965	96.0754717	-999	0.894	25.1
LAPAZ21P	3.015	97.77358491	2.61	0.898	25.3
LAPAZ21P	3.065	99.47169811	-999	0.905	25.5
LAPAZ21P	3.115	101.1092233	2.43	0.872	24.5
LAPAZ21P	3.165	102.2014563	-999	0.889	25
LAPAZ21P	3.215	103.2936893	2.97	0.901	25.4
LAPAZ21P	3.265	104.3859223	-999	0.924	26
LAPAZ21P	3.315	105.4781553	2.92	0.896	25.2
LAPAZ21P	3.365	106.5703884	-999	0.892	25.1
LAPAZ21P	3.415	107.6626214	2.32	0.875	24.6
LAPAZ21P	3.465	108.7548544	-999	0.877	24.6
LAPAZ21P	3.515	109.8470874	2.95	0.869	24.4
LAPAZ21P	3.565	110.9393204	-999	0.889	25
LAPAZ21P	3.615	112.0315534	2.5	0.874	24.6
LAPAZ21P	3.665	113.1237864	-999	0.882	24.8
LAPAZ21P	3.715	114.2160194	2.28	0.895	25.2
LAPAZ21P	3.765	115.3082524	-999	0.89	25.1
LAPAZ21P	3.765	115.3082524	-999	0.937	26.4
LAPAZ21P	3.815	116.4004854	2.58	0.908	25.6
LAPAZ21P	3.865	117.4927185	-999	0.924	26
LAPAZ21P	3.915	118.5849515	2.44	0.926	26.1
LAPAZ21P	3.965	119.6771845	-999	0.942	26.6
LAPAZ21P	4.015	120.7694175	2.32	0.932	26.3
LAPAZ21P	4.065	121.8616505	-999	0.937	26.4
LAPAZ21P	4.115	122.9538835	2.16	0.949	26.8
LAPAZ21P	4.165	124.0241936	-999	0.95	26.8
LAPAZ21P	4.215	125.0725807	2.13	0.949	26.8
LAPAZ21P	4.265	126.1209677	-999	0.955	27
LAPAZ21P	4.315	127.1693548	2.59	0.954	26.9
LAPAZ21P	4.365	128.2177419	-999	0.948	26.7
LAPAZ21P	4.415	129.266129	3	0.894	25.1
LAPAZ21P	4.465	130.3145161	-999	0.885	24.9
LAPAZ21P	4.515	131.3629032	3.4	0.893	25.1
LAPAZ21P	4.565	132.4112903	-999	0.896	25.2
LAPAZ21P	4.615	133.4596774	3.4	0.885	24.9
LAPAZ21P	4.665	134.5080645	-999	0.844	23.7
LAPAZ21P	4.705	135.3467742	3.48	-999	-999
LAPAZ21P	4.765	136.6337209	-999	0.839	23.5
LAPAZ21P	4.765	136.6337209	-999	0.842	23.6
LAPAZ21P	4.815	137.9709302	3.58	0.834	23.4
LAPAZ21P	4.865	139.3081395	-999	0.863	24.2
LAPAZ21P	4.915	140.6453488	3.59	0.836	23.4
LAPAZ21P	4.965	141.9825581	-999	0.833	23.4
LAPAZ21P	5.015	143.3197674	3.6	0.84	23.6
LAPAZ21P	5.065	144.6569767	-999	0.853	23.9
LAPAZ21P	5.115	145.9941861	3.55	0.85	23.8
LAPAZ21P	5.165	147.3313954	-999	0.824	23.1
LAPAZ21P	5.215	148.5898876	3.53	0.846	23.7
LAPAZ21P	5.265	149.7696629	-999	0.832	23.3
LAPAZ21P	5.315	150.9494382	3.5	0.839	23.5
LAPAZ21P	5.365	152.1292135	-999	0.829	23.2
LAPAZ21P	5.415	153.3089888	3.56	0.825	23.1
LAPAZ21P	5.455	154.252809	-999	0.829	23.2
LAPAZ21P	5.515	155.6685393	3.47	0.814	22.8
LAPAZ21P	5.555	156.6123596	-999	0.818	22.9
LAPAZ21P	5.615	158.0280899	3.52	0.831	23.3
LAPAZ21P	5.665	159.2078652	-999	0.84	23.6
LAPAZ21P	5.715	160.3876405	3.36	0.868	24.4
LAPAZ21P	5.765	161.5674157	-999	0.832	23.3
LAPAZ21P	5.815	162.747191	3.27	0.823	23.1
LAPAZ21P	5.865	163.9269663	-999	0.845	23.7
LAPAZ21P	5.915	165.1067416	3.35	0.833	23.4
LAPAZ21P	5.965	166.2865169	-999	0.837	23.5
LAPAZ21P	6.015	167.4662921	3.07	0.845	23.7
LAPAZ21P	6.065	168.6460674	-999	0.844	23.7
LAPAZ21P	6.115	169.4579439	2.95	0.852	23.9
LAPAZ21P	6.165	170.1121495	-999	0.852	23.9
LAPAZ21P	6.215	170.7663551	3.19	0.864	24.3
LAPAZ21P	6.265	171.4205608	-999	0.871	24.5
LAPAZ21P	6.315	172.0747664	3.37	0.887	24.9
LAPAZ21P	6.365	172.728972	-999	0.869	24.4
LAPAZ21P	6.415	173.3831776	3.05	0.857	24.1
LAPAZ21P	6.465	174.0373832	-999	0.837	23.5
LAPAZ21P	6.515	174.6915888	3.34	0.863	24.2
LAPAZ21P	6.565	175.3457944	-999	0.894	25.1
LAPAZ21P	6.615	176	3.41	0.855	24
LAPAZ21P	6.665	176.6542056	-999	0.874	24.6
LAPAZ21P	6.715	177.3084112	3.45	0.877	24.7
LAPAZ21P	6.765	177.9626168	-999	0.852	23.9
LAPAZ21P	6.815	178.6168224	3.48	0.878	24.7
LAPAZ21P	6.865	179.271028	-999	0.879	24.7
LAPAZ21P	6.915	179.9252336	3.51	0.864	24.3
LAPAZ21P	6.965	180.5794393	-999	0.868	24.4
LAPAZ21P	7.015	181.2336449	3.35	0.864	24.3
LAPAZ21P	7.065	181.8878505	-999	0.877	24.6
LAPAZ21P	7.115	182.5420561	3.37	0.877	24.6
LAPAZ21P	7.165	183.7394366	-999	0.881	24.8
LAPAZ21P	7.215	186.2042254	3.41	0.888	25
LAPAZ21P	7.265	188.6690141	-999	0.907	25.5
LAPAZ21P	7.315	191.1338028	-999	0.914	25.7
LAPAZ21P	7.315	191.1338028	-999	0.918	25.8
LAPAZ21P	7.365	193.5985916	-999	0.874	24.6
LAPAZ21P	7.415	196.0633803	2.73	0.887	24.9
LAPAZ21P	7.465	198.528169	-999	0.892	25.1
LAPAZ21P	7.515	200.9929578	2.68	0.89	25
LAPAZ21P	7.565	203.4577465	-999	0.893	25.1
LAPAZ21P	7.615	205.9225352	2.79	0.892	25.1
LAPAZ21P	7.665	208.3873239	-999	0.897	25.3
LAPAZ21P	7.665	208.3873239	-999	0.895	25.2
LAPAZ21P	7.715	210.8521127	-999	0.887	24.9
LAPAZ21P	7.765	213.3169014	-999	0.901	25.4
LAPAZ21P	7.815	215.7816901	2.78	0.901	25.4
LAPAZ21P	7.865	218.0909091	-999	0.897	25.2
LAPAZ21P	7.915	219	2.73	0.893	25.1
LAPAZ21P	7.965	219.9090909	-999	0.841	23.6
LAPAZ21P	8.015	220.8181818	3.19	0.837	23.5
LAPAZ21P	8.065	221.7272727	-999	0.804	22.5
LAPAZ21P	8.065	221.7272727	-999	0.81	22.7
LAPAZ21P	8.115	222.6363636	3.11	0.834	23.4
LAPAZ21P	8.165	223.5454546	-999	0.851	23.9
LAPAZ21P	8.215	224.4545455	3.17	0.863	24.2
LAPAZ21P	8.265	225.3636364	-999	0.877	24.7
LAPAZ21P	8.315	226.3541667	2.85	0.881	24.8
LAPAZ21P	8.365	227.5347222	-999	0.894	25.1
LAPAZ21P	8.415	228.7152778	3.11	0.881	24.8
LAPAZ21P	8.465	229.8958333	-999	0.857	24.1
LAPAZ21P	8.515	231.0763889	3.15	0.893	25.1
LAPAZ21P	8.565	232.2569444	-999	0.892	25.1
LAPAZ21P	8.615	233.4375	3.09	0.893	25.1
LAPAZ21P	8.615	233.4375	-999	0.895	25.2
LAPAZ21P	8.665	234.6180556	-999	0.897	25.2
LAPAZ21P	8.715	235.7986111	2.62	0.909	25.6